Age,lx,dx,Patx,Condatx,Liveatx,Pbyx,Pto70,Pto100
0,100000,813,0.0081,0.0081,1.0000,0.0081,0.67503,0.00652
1,99187,61,0.0006,0.0006,0.9919,0.0087,0.680562977,0.006573442
2,99126,43,0.0004,0.0004,0.9913,0.0092,0.680981781,0.006577487
3,99083,33,0.0003,0.0003,0.9908,0.0095,0.681277313,0.006580342
4,99051,26,0.0003,0.0003,0.9905,0.0098,0.68149741,0.006582468
5,99025,24,0.0002,0.0002,0.9902,0.0100,0.681676344,0.006584196
6,99001,21,0.0002,0.0002,0.9900,0.0102,0.681841598,0.006585792
7,98980,20,0.0002,0.0002,0.9898,0.0104,0.68198626,0.006587189
8,98960,20,0.0002,0.0002,0.9896,0.0106,0.682124091,0.006588521
9,98940,18,0.0002,0.0002,0.9894,0.0108,0.682261977,0.006589852
10,98922,19,0.0002,0.0002,0.9892,0.0110,0.682386122,0.006591052
11,98903,21,0.0002,0.0002,0.9890,0.0112,0.682517214,0.006592318
12,98882,25,0.0003,0.0003,0.9888,0.0114,0.682662163,0.006593718
13,98857,31,0.0003,0.0003,0.9886,0.0118,0.682834802,0.006595385
14,98826,42,0.0004,0.0004,0.9883,0.0122,0.683048995,0.006597454
15,98784,56,0.0006,0.0006,0.9878,0.0127,0.683339407,0.006600259
16,98728,86,0.0009,0.0009,0.9873,0.0136,0.683727008,0.006604003
17,98642,105,0.0011,0.0011,0.9864,0.0146,0.684323108,0.006609761
18,98537,134,0.0013,0.0014,0.9854,0.0160,0.685052315,0.006616804
19,98403,139,0.0014,0.0014,0.9840,0.0174,0.685985183,0.006625814
20,98264,140,0.0014,0.0014,0.9826,0.0188,0.686955548,0.006635187
21,98124,151,0.0015,0.0015,0.9812,0.0203,0.687935673,0.006644654
22,97973,146,0.0015,0.0015,0.9797,0.0217,0.688995948,0.006654895
23,97827,146,0.0015,0.0015,0.9783,0.0232,0.690024226,0.006664827
24,97681,140,0.0014,0.0014,0.9768,0.0246,0.691055579,0.006674788
25,97541,141,0.0014,0.0014,0.9754,0.0260,0.692047447,0.006684369
26,97400,143,0.0014,0.0015,0.9740,0.0274,0.693049281,0.006694045
27,97257,145,0.0015,0.0015,0.9726,0.0289,0.694068293,0.006703888
28,97112,153,0.0015,0.0016,0.9711,0.0304,0.695104621,0.006713897
29,96959,149,0.0015,0.0015,0.9696,0.0319,0.696201487,0.006724492
30,96810,159,0.0016,0.0016,0.9681,0.0335,0.697273009,0.006734841
31,96651,173,0.0017,0.0018,0.9665,0.0352,0.698420089,0.006745921
32,96477,182,0.0018,0.0019,0.9648,0.0371,0.699679716,0.006758087
33,96296,189,0.0019,0.0020,0.9630,0.0389,0.700994849,0.00677079
34,96107,194,0.0019,0.0020,0.9611,0.0409,0.702373396,0.006784105
35,95913,204,0.0020,0.0021,0.9591,0.0429,0.703794063,0.006797827
36,95709,216,0.0022,0.0023,0.9571,0.0451,0.705294173,0.006812317
37,95493,227,0.0023,0.0024,0.9549,0.0474,0.70688951,0.006827726
38,95266,251,0.0025,0.0026,0.9527,0.0499,0.708573888,0.006843995
39,95015,242,0.0024,0.0025,0.9501,0.0523,0.710445719,0.006862074
40,94773,267,0.0027,0.0028,0.9477,0.0550,0.712259821,0.006879597
41,94506,292,0.0029,0.0031,0.9451,0.0579,0.71427211,0.006899033
42,94214,309,0.0031,0.0033,0.9421,0.0610,0.716485873,0.006920415
43,93905,335,0.0034,0.0036,0.9390,0.0643,0.718843512,0.006943187
44,93570,343,0.0034,0.0037,0.9357,0.0677,0.721417121,0.006968045
45,93228,375,0.0038,0.0040,0.9323,0.0715,0.724063586,0.006993607
46,92852,407,0.0041,0.0044,0.9285,0.0756,0.726995649,0.007021927
47,92445,431,0.0043,0.0047,0.9244,0.0799,0.730196333,0.007052842
48,92014,477,0.0048,0.0052,0.9201,0.0846,0.733616624,0.007085878
49,91537,466,0.0047,0.0051,0.9154,0.0893,0.737439505,0.007122803
50,91071,507,0.0051,0.0056,0.9107,0.0944,0.7412129,0.007159249
51,90564,567,0.0057,0.0063,0.9056,0.1000,0.745362396,0.007199329
52,89997,617,0.0062,0.0069,0.9000,0.1062,0.750058335,0.007244686
53,89380,654,0.0065,0.0073,0.8938,0.1128,0.755236071,0.007294697
54,88725,707,0.0071,0.0080,0.8873,0.1198,0.760811496,0.007348549
55,88018,778,0.0078,0.0088,0.8802,0.1276,0.766922675,0.007407576
56,87239,834,0.0083,0.0096,0.8724,0.1359,0.773770905,0.007473722
57,86405,885,0.0089,0.0102,0.8641,0.1448,0.781239512,0.00754586
58,85520,1014,0.0101,0.0119,0.8552,0.1549,0.789324135,0.007623948
59,84506,1034,0.0103,0.0122,0.8451,0.1653,0.798795352,0.007715428
60,83472,1158,0.0116,0.0139,0.8347,0.1769,0.808690339,0.007811002
61,82314,1261,0.0126,0.0153,0.8232,0.1895,0.82006706,0.007920888
62,81054,1372,0.0137,0.0169,0.8105,0.2032,0.83281516,0.00804402
63,79682,1439,0.0144,0.0181,0.7968,0.2176,0.847154941,0.008182526
64,78243,1516,0.0152,0.0194,0.7824,0.2327,0.862735325,0.008333014
65,76727,1618,0.0162,0.0211,0.7673,0.2489,0.879781563,0.008497661
66,75109,1724,0.0172,0.0230,0.7511,0.2662,0.89873384,0.008680717
67,73385,1822,0.0182,0.0248,0.7339,0.2844,0.91984738,0.008884649
68,71563,1982,0.0198,0.0277,0.7156,0.3042,0.943266772,0.009110853
69,69581,2078,0.0208,0.0299,0.6958,0.3250,0.970135526,0.009370374
70,67503,2199,0.0220,0.0326,0.6750,0.3470,1,0.00965883
71,65304,2322,0.0232,0.0356,0.6530,0.3702,,0.009984074
72,62982,2398,0.0240,0.0381,0.6298,0.3942,,0.010352164
73,60584,2558,0.0256,0.0422,0.6058,0.4197,,0.010761917
74,58026,2628,0.0263,0.0453,0.5803,0.4460,,0.011236342
75,55398,2704,0.0270,0.0488,0.5540,0.4731,,0.011769378
76,52693,2784,0.0278,0.0528,0.5269,0.5009,,0.01237356
77,49910,2866,0.0287,0.0574,0.4991,0.5296,,0.013063514
78,47044,2896,0.0290,0.0616,0.4704,0.5585,,0.013859366
79,44148,2935,0.0294,0.0665,0.4415,0.5879,,0.014768506
80,41214,3099,0.0310,0.0752,0.4121,0.6189,,0.015819867
81,38115,3158,0.0316,0.0829,0.3811,0.6504,,0.017106126
82,34957,3169,0.0317,0.0907,0.3496,0.6821,,0.018651486
83,31789,3139,0.0314,0.0987,0.3179,0.7135,,0.020510239
84,28649,3090,0.0309,0.1079,0.2865,0.7444,,0.022758211
85,25559,3122,0.0312,0.1221,0.2556,0.7756,,0.025509605
86,22437,2951,0.0295,0.1315,0.2244,0.8052,,0.029059143
87,19486,2743,0.0274,0.1408,0.1949,0.8326,,0.03345992
88,16742,2536,0.0254,0.1515,0.1674,0.8579,,0.038943973
89,14206,2327,0.0233,0.1638,0.1421,0.8812,,0.0458961
90,11880,2100,0.0210,0.1768,0.1188,0.9022,,0.054882155
91,9779,1874,0.0187,0.1916,0.0978,0.9210,,0.066673484
92,7905,1645,0.0165,0.2081,0.0791,0.9374,,0.082479443
93,6260,1411,0.0141,0.2254,0.0626,0.9515,,0.104153355
94,4849,1178,0.0118,0.2429,0.0485,0.9633,,0.134460714
95,3671,945,0.0095,0.2574,0.0367,0.9727,,0.177608281
96,2726,748,0.0075,0.2744,0.0273,0.9802,,0.239178283
97,1978,577,0.0058,0.2917,0.0198,0.9860,,0.329625885
98,1401,433,0.0043,0.3091,0.0140,0.9903,,0.46538187
99,968,316,0.0032,0.3264,0.0097,0.9935,,0.673553719
100,652,225,0.0023,0.3451,0.0065,0.9957,,1
101,427,155,0.0016,0.3630,0.0043,0.9973,,
102,272,103,0.0010,0.3787,0.0027,0.9983,,
103,169,67,0.0007,0.3964,0.0017,0.9990,,
104,102,42,0.0004,0.4118,0.0010,0.9994,,
105,60,26,0.0003,0.4333,0.0006,0.9997,,
106,34,15,0.0002,0.4412,0.0003,0.9998,,
107,19,9,0.0001,0.4737,0.0002,0.9999,,
108,10,5,0.0001,0.5000,0.0001,1.0000,,
109,5,3,0.0000,0.6000,0.0001,1.0000,,
110,2,2,0.0000,1.0000,0.0000,1.0000,,
